$ 80 3.125e-7 1.0312258501325766 52 5 50 5e-11
t 160 208 112 208 0 1 -4.788860228265786 0.6500221133514286 100 default
t 272 208 320 208 0 1 -4.788860228266277 0.6500221133514259 100 default
r 160 128 160 208 0 68000
r 272 128 272 208 0 68000
r 112 48 112 128 0 500
r 320 48 320 128 0 500
w 112 128 160 128 0
w 272 128 320 128 0
w 320 128 320 192 0
w 112 128 112 192 0
r 112 352 112 416 0 50
r 320 352 320 416 0 50
g 112 416 112 432 0 0
g 320 416 320 432 0 0
R 224 48 224 -16 0 0 40 10 0 0 0.5
w 112 48 224 48 0
w 224 48 320 48 0
c 48 288 112 288 0 1e-7 -0.4145551372556427 7
c 384 288 448 288 0 1e-7 0.41455513725557164 7
w 384 288 320 288 0
w 112 224 112 256 0
w 112 256 112 288 0
w 320 224 320 256 0
w 320 256 320 288 0
c 160 208 272 128 0 1e-7 -4.788860228266231 0.001
c 272 208 160 128 0 1e-7 -4.788860228265832 0.001
l 112 288 112 352 0 0.001 0.008294283827585798 0
l 320 352 320 288 0 0.001 -0.008294283827584627 0
r 48 288 48 416 0 50
r 448 288 448 416 0 50
w 48 416 112 416 0
w 448 416 320 416 0
